-1
-1
-1
-1
-1
-1
-1
-1
-1
-1
-1
-1
-1
-1
-1
-1
-1
-1
-1
-1
-1
-1
-1
-1
-1
-1
-1
-1
-1
-1
1976
1979
-1
-1
1977
-1
-1
-1
-1
-1
-1
-1
-1
-1
-1
-1
-1
-1
-1
-1
-1
-1
-1
-1
-1
1979
-1
-1
-1
1971
-1
1975
1967
1983
-1
-1
-1
-1
-1
-1
-1
-1
-1
-1
-1
-1
2016
1966
1980
-1
-1
-1
-1
-1
-1
1972
-1
-1
-1
-1
-1
-1
-1
-1
-1
-1
-1
-1
-1
-1
-1
-1
-1
-1
-1
-1
-1
1972
1969
1972
-1
1983
-1
-1
-1
-1
1974
-1
1976
-1
1983
1970
-1
-1
-1
-1
-1
1976
1983
-1
-1
1964
-1
-1
-1
1967
1980
1983
-1
-1
1962
-1
-1
-1
-1
1976
-1
1968
1971
-1
-1
-1
-1
1967
-1
-1
-1
-1
-1
1977
1968
-1
1977
1983
-1
-1
1967
-1
-1
-1
1964
1963
-1
-1
-1
-1
-1
-1
-1
-1
-1
-1
-1
-1
-1
-1
-1
1983
1979
1963
1976
-1
-1
-1
-1
-1
-1
1964
-1
-1
-1
-1
-1
-1
-1
-1
-1
-1
-1
-1
-1
-1
-1
-1
-1
-1
1964
-1
-1
-1
-1
-1
-1
-1
1969
1969
1983
1968
1965
1967
1966
1983
1998
1963
1975
-1
-1
-1
1975
1983
1983
-1
-1
-1
1976
-1
-1
-1
-1
-1
1962
-1
2204
2204
-1
2204
1997
1977
-1
1983
1997
-1
2204
-1
1962
1997
-1
1977
1998
1973
-1
1980
-1
1966
-1
-1
1978
1980
1976
1980
1967
-1
1971
1981
-1
1988
1981
-1
-1
1979
1972
1997
-1
-1
-1
1980
-1
-1
-1
2016
1966
-1
-1
-1
2016
-1
1978
1966
1971
-1
-1
-1
-1
-1
2206
1997
1989
2204
2016
-1
1962
-1
-1
-1
1973
-1
-1
-1
-1
-1
-1
-1
1989
-1
-1
-1
1983
-1
-1
-1
2204
-1
-1
-1
1978
-1
-1
-1
1989
-1
-1
-1
2205
-1
-1
-1
1989
-1
-1
-1
2207
-1
-1
-1
1966
-1
-1
-1
2204
-1
-1
-1
1990
-1
-1
-1
2204
-1
-1
-1
2204
-1
-1
-1
2204
-1
-1
-1
1990
-1
-1
-1
2205
-1
-1
-1
2016
-1
-1
-1
1990
-1
-1
-1
1991
-1
-1
-1
1990
-1
-1
-1
1990
-1
-1
-1
1989
-1
-1
-1
1991
-1
-1
-1
1990
-1
-1
-1
2205
-1
-1
-1
1991
-1
-1
-1
1992
-1
-1
-1
1991
-1
-1
-1
1991
-1
-1
-1
1990
-1
-1
-1
1992
-1
-1
-1
1991
-1
-1
-1
1990
-1
-1
-1
1992
-1
-1
-1
1993
-1
-1
-1
1992
-1
-1
-1
1992
-1
-1
-1
1991
-1
-1
-1
1993
-1
-1
-1
1992
-1
-1
-1
1991
-1
-1
-1
1993
-1
-1
-1
1994
-1
-1
-1
1993
-1
-1
-1
1993
-1
-1
-1
1992
-1
-1
-1
1994
-1
-1
-1
1993
-1
-1
-1
1992
-1
-1
-1
1994
-1
-1
-1
1995
-1
-1
-1
1994
-1
-1
-1
1994
-1
-1
-1
1993
-1
-1
-1
1995
-1
-1
-1
1994
-1
-1
-1
1993
-1
-1
-1
1995
-1
-1
-1
1996
-1
-1
-1
1995
-1
-1
-1
1994
-1
1996
1989
1995
1989
-1
-1
-1
-1
-1
-1
-1
1996
2204
1996
-1
-1
-1
1995
-1
-1
-1
2203
1994
-1
-1
1989
-1
-1
2204
1989
1997
1996
1989
-1
-1
2203
1996
1979
1975
-1
2203
-1
-1
-1
-1
1975
-1
2203
-1
1975
-1
-1
-1
1989
-1
1971
2203
-1
2203
-1
-1
-1
-1
-1
-1
1995
-1
-1
-1
-1
-1
1968
-1
-1
1980
-1
-1
2203
-1
1997
-1
-1
-1
1975
-1
-1
-1
-1
1979
2203
-1
-1
1968
-1
1989
-1
-1
-1
1995
-1
-1
-1
-1
-1
1977
1997
-1
-1
-1
1997
-1
-1
-1
2208
-1
-1
-1
1963
-1
-1
1989
-1
-1
-1
1997
-1
1997
-1
-1
-1
-1
1997
-1
-1
2203
-1
-1
-1
-1
-1
-1
2208
2208
-1
1980
-1
-1
-1
-1
-1
-1
-1
1966
1989
-1
-1
1989
-1
-1
-1
-1
-1
-1
-1
-1
-1
-1
-1
1533
-1
2208
-1
-1
-1
-1
-1
-1
-1
-1
-1
-1
-1
-1
-1
-1
-1
2208
-1
-1
-1
-1
-1
-1
-1
-1
-1
1966
1989
2208
1989
1989
-1
-1
-1
-1
-1
-1
-1
-1
-1
-1
-1
-1
-1
1962
1989
2208
-1
1989
-1
-1
2208
2208
-1
-1
-1
-1
-1
-1
-1
1865
-1
-1
1865
1968
-1
-1
-1
1963
-1
-1
-1
1996
1980
-1
1973
1980
-1
1977
1969
2204
2203
-1
2208
-1
1967
-1
1976
1980
-1
-1
1962
-1
-1
-1
2204
1970
-1
-1
-1
-1
-1
1962
1970
2204
1968
-1
1988
-1
-1
-1
-1
1973
-1
2016
1969
2204
1980
-1
-1
-1
-1
-1
-1
-1
2208
1989
-1
-1
1980
-1
-1
-1
-1
1989
-1
2208
2204
1988
-1
-1
-1
-1
-1
1989
-1
-1
-1
1989
1967
1980
-1
1998
-1
-1
-1
-1
2208
-1
1962
1970
2204
1968
-1
1988
1973
-1
-1
-1
-1
-1
1996
-1
1968
1981
-1
-1
-1
1966
1980
-1
-1
2204
2213
-1
-1
-1
-1
-1
1989
2204
-1
-1
-1
-1
-1
1989
-1
-1
-1
-1
1544
1988
-1
1983
-1
-1
1967
1976
-1
1968
1994
-1
-1
-1
-1
1989
1989
-1
-1
-1
-1
-1
-1
-1
-1
-1
-1
-1
1981
2208
2205
1548
1974
-1
-1
-1
-1
-1
-1
-1
1983
-1
-1
-1
-1
-1
-1
1964
-1
-1
1548
1976
-1
-1
-1
-1
-1
-1
2209
-1
-1
-1
-1
-1
-1
-1
2016
1998
1976
-1
-1
-1
-1
-1
-1
1964
-1
1983
-1
-1
-1
-1
-1
-1
-1
-1
-1
1969
-1
-1
-1
-1
-1
-1
-1
1980
-1
1976
-1
-1
-1
-1
-1
-1
1964
-1
-1
-1
-1
1967
-1
-1
-1
-1
-1
-1
-1
-1
-1
-1
-1
-1
-1
-1
1980
1533
1972
-1
1976
-1
-1
-1
-1
-1
-1
1964
1967
-1
1976
1533
1967
1967
-1
-1
-1
1533
-1
-1
-1
-1
-1
-1
-1
-1
1998
-1
-1
-1
-1
-1
-1
1967
-1
-1
-1
-1
-1
1533
-1
1980
-1
-1
-1
2016
-1
-1
-1
-1
-1
1963
-1
-1
-1
2016
1983
-1
-1
-1
-1
2205
-1
-1
-1
2205
1968
1966
-1
-1
-1
1983
-1
-1
1963
-1
-1
-1
1979
-1
-1
2208
-1
1984
-1
-1
-1
-1
1979
1971
1997
1968
-1
-1
2209
2205
-1
1974
-1
1978
1979
-1
-1
-1
-1
1977
-1
2205
1968
-1
-1
1972
-1
2205
2207
1980
-1
-1
1962
-1
-1
-1
1967
-1
-1
-1
-1
-1
-1
-1
-1
-1
-1
-1
-1
1977
-1
2207
2205
-1
1977
-1
-1
-1
1978
-1
-1
-1
-1
-1
2198
2199
1963
2198
1983
-1
1964
1975
-1
-1
1962
-1
-1
-1
-1
-1
-1
1974
1998
-1
-1
-1
2199
1976
2205
1861
-1
-1
-1
-1
-1
-1
-1
-1
-1
-1
-1
-1
-1
-1
-1
-1
-1
-1
-1
-1
-1
-1
-1
-1
-1
-1
-1
-1
-1
-1
-1
-1
-1
-1
-1
-1
-1
-1
-1
-1
1979
-1
-1
1979
-1
-1
-1
2203
1967
1970
-1
2016
-1
1861
2203
-1
1963
-1
-1
-1
-1
1972
-1
-1
-1
2198
1861
-1
-1
-1
-1
2198
1875
1861
-1
2198
-1
-1
1966
1975
-1
-1
2198
-1
2016
1861
2197
1862
1876
-1
-1
-1
1876
1861
1875
-1
-1
-1
-1
-1
-1
-1
-1
-1
-1
-1
1975
2198
-1
-1
-1
-1
-1
-1
2197
1861
-1
-1
-1
-1
-1
-1
-1
-1
2197
-1
-1
-1
2016
2198
-1
-1
-1
-1
-1
-1
-1
-1
-1
2197
1964
1973
-1
-1
-1
-1
2197
-1
2197
-1
-1
1861
-1
-1
-1
-1
-1
-1
-1
1861
-1
2198
-1
-1
-1
-1
2197
-1
-1
-1
-1
-1
-1
-1
-1
-1
-1
1983
-1
-1
-1
1861
-1
-1
-1
-1
-1
1861
2198
2198
1861
1861
-1
1861
-1
-1
-1
-1
-1
2203
-1
-1
-1
-1
-1
-1
2198
-1
2198
-1
2197
2197
-1
-1
-1
-1
-1
-1
2198
-1
1862
-1
-1
-1
-1
-1
-1
-1
-1
-1
2240
-1
-1
-1
-1
-1
-1
-1
-1
-1
-1
-1
1862
-1
-1
-1
-1
-1
-1
-1
-1
-1
2240
-1
-1
-1
-1
-1
-1
-1
-1
-1
-1
-1
1862
-1
-1
-1
-1
-1
-1
-1
-1
-1
2240
-1
-1
-1
-1
-1
-1
-1
-1
-1
-1
-1
1862
-1
-1
-1
-1
-1
-1
-1
-1
-1
2240
-1
-1
-1
-1
-1
-1
-1
-1
-1
-1
-1
1862
-1
-1
-1
-1
-1
-1
-1
-1
-1
2240
-1
-1
-1
-1
-1
-1
-1
-1
-1
-1
-1
1862
-1
-1
-1
-1
-1
-1
-1
-1
-1
2240
-1
-1
-1
-1
-1
-1
-1
-1
-1
-1
-1
1862
-1
-1
-1
-1
-1
-1
-1
-1
-1
2240
-1
-1
-1
-1
-1
-1
-1
-1
-1
-1
-1
1862
-1
-1
-1
-1
-1
-1
-1
-1
-1
2240
-1
-1
-1
-1
-1
-1
-1
-1
-1
-1
-1
1862
-1
-1
-1
-1
-1
-1
-1
-1
-1
2240
-1
-1
-1
-1
-1
-1
-1
-1
-1
-1
-1
1862
-1
-1
-1
-1
-1
-1
-1
-1
-1
2240
-1
-1
-1
-1
-1
-1
-1
-1
-1
-1
-1
1862
-1
-1
-1
-1
-1
-1
-1
-1
-1
2240
-1
-1
-1
-1
-1
-1
-1
-1
-1
-1
-1
1862
-1
-1
-1
-1
-1
-1
-1
-1
-1
2240
-1
-1
-1
-1
-1
-1
-1
-1
-1
-1
-1
1862
-1
-1
-1
-1
-1
-1
-1
-1
2240
-1
-1
-1
-1
-1
-1
2198
2197
-1
-1
-1
-1
1862
1965
2205
1876
1984
-1
-1
-1
-1
-1
-1
-1
-1
-1
-1
-1
-1
1976
-1
-1
-1
-1
-1
-1
-1
-1
-1
-1
-1
-1
-1
1964
-1
-1
-1
1861
-1
-1
-1
1861
-1
-1
-1
1861
-1
-1
-1
2198
-1
-1
-1
2204
-1
2203
-1
1965
-1
-1
-1
1861
-1
-1
-1
2198
-1
-1
2198
-1
2199
2198
-1
-1
-1
1968
2204
-1
2205
-1
-1
-1
-1
-1
1976
-1
-1
-1
-1
-1
-1
1531
1966
2205
-1
-1
1983
2198
-1
1965
-1
-1
1979
1962
-1
-1
-1
-1
-1
-1
-1
-1
-1
1973
-1
1980
1969
-1
-1
-1
2205
-1
-1
-1
1965
1979
-1
1984
1984
-1
-1
-1
-1
-1
-1
-1
-1
-1
-1
2205
-1
2205
1972
1970
2198
-1
1968
1978
-1
-1
-1
1966
1963
-1
1981
-1
-1
1977
-1
1863
-1
1864
-1
1979
-1
-1
1864
-1
1863
-1
1863
-1
-1
1846
-1
-1
-1
-1
-1
-1
-1
-1
1963
-1
1861
-1
-1
1861
-1
1968
1981
-1
1972
-1
-1
-1
-1
1859
-1
1859
-1
1965
-1
-1
-1
-1
-1
-1
-1
-1
-1
-1
-1
-1
-1
-1
-1
1859
1858
1968
1966
1979
-1
-1
1863
1981
1862
1859
-1
1861
-1
-1
-1
-1
1876
1864
-1
-1
-1
-1
-1
-1
-1
1965
-1
-1
-1
-1
-1
-1
-1
-1
-1
-1
-1
-1
1863
1862
-1
-1
-1
-1
-1
-1
-1
-1
-1
-1
-1
-1
-1
-1
-1
-1
-1
-1
-1
-1
-1
-1
-1
-1
-1
-1
-1
-1
-1
1963
1861
-1
1861
1977
-1
-1
-1
-1
1861
-1
2205
-1
-1
1976
